%Project CtpS570

function [Data]=TestModel()

Data =[
1 1 1 -1
2 1.5 1 1
3 3 -1 -1
4 7 -1 1
5 5 4 1
6 21 1 -1
7 3 30 -1
8 5 -16 1
9 1.2 6 1
10 2.3 4 1
11 6 0 -1
12 -1 0 -1
13 -6 1 1
14 -4 6 -1
15 0 -8 1
16 -2 -10 1];
end

